Corners= [
140, 315;
339, 183;
315, 121;
31, 30;
];

C0= [
231, 240;
232, 240;
233, 240;
235, 240;
236, 240;
237, 240;
238, 240;
240, 240;
241, 240;
242, 240;
243, 240;
244, 240;
245, 240;
246, 240;
247, 240;
248, 240;
249, 240;
250, 240;
225, 239;
227, 239;
228, 239;
230, 239;
251, 239;
252, 239;
253, 239;
221, 238;
222, 238;
224, 238;
254, 238;
255, 238;
218, 237;
219, 237;
215, 236;
216, 236;
258, 236;
260, 236;
211, 235;
213, 235;
208, 234;
210, 234;
263, 234;
206, 233;
203, 232;
204, 232;
201, 231;
265, 231;
199, 230;
266, 230;
267, 230;
195, 229;
197, 229;
267, 229;
193, 228;
268, 228;
191, 227;
269, 227;
189, 226;
269, 226;
270, 226;
187, 225;
270, 225;
184, 224;
271, 224;
182, 223;
271, 223;
272, 223;
180, 222;
272, 222;
178, 221;
273, 221;
175, 220;
273, 220;
173, 219;
273, 219;
274, 219;
171, 218;
274, 218;
275, 217;
168, 216;
275, 216;
166, 215;
275, 215;
163, 214;
276, 214;
161, 213;
276, 213;
276, 212;
158, 211;
277, 211;
155, 210;
277, 210;
277, 209;
152, 208;
278, 208;
150, 207;
278, 207;
278, 206;
147, 205;
278, 205;
144, 204;
279, 204;
279, 203;
141, 202;
279, 202;
138, 201;
279, 201;
279, 200;
135, 199;
280, 199;
280, 198;
132, 197;
280, 197;
129, 196;
280, 196;
281, 195;
125, 194;
281, 194;
281, 193;
122, 192;
281, 191;
119, 190;
281, 190;
115, 189;
281, 189;
281, 188;
112, 187;
282, 187;
282, 186;
108, 185;
282, 185;
282, 184;
105, 183;
282, 183;
282, 182;
101, 181;
282, 181;
282, 180;
97, 179;
283, 179;
283, 178;
283, 177;
93, 176;
283, 176;
283, 175;
89, 174;
283, 174;
283, 173;
283, 172;
283, 171;
283, 170;
283, 169;
283, 168;
283, 167;
284, 166;
284, 165;
284, 164;
284, 163;
284, 162;
284, 161;
284, 160;
284, 159;
284, 158;
284, 157;
284, 156;
284, 155;
284, 154;
284, 153;
284, 152;
284, 151;
326, 151;
285, 150;
285, 149;
325, 149;
285, 148;
324, 148;
285, 147;
324, 147;
285, 146;
323, 146;
285, 145;
322, 145;
323, 145;
285, 144;
322, 144;
285, 143;
321, 143;
285, 142;
320, 142;
321, 142;
285, 141;
320, 141;
285, 140;
319, 140;
285, 139;
318, 139;
319, 139;
285, 138;
318, 138;
286, 137;
317, 137;
286, 136;
316, 136;
286, 135;
315, 135;
316, 135;
286, 134;
315, 134;
286, 133;
314, 133;
286, 132;
313, 132;
286, 131;
312, 131;
313, 131;
286, 130;
312, 130;
286, 129;
287, 129;
311, 129;
287, 128;
310, 128;
287, 127;
309, 127;
310, 127;
287, 126;
308, 126;
309, 126;
287, 125;
308, 125;
288, 124;
307, 124;
288, 123;
306, 123;
307, 123;
288, 122;
305, 122;
306, 122;
288, 121;
289, 121;
304, 121;
305, 121;
289, 120;
303, 120;
304, 120;
289, 119;
302, 119;
303, 119;
290, 118;
301, 118;
302, 118;
290, 117;
291, 117;
299, 117;
300, 117;
291, 116;
292, 116;
297, 116;
292, 115;
293, 115;
294, 115;
];

C1= [
99, 200;
102, 199;
105, 199;
108, 198;
110, 197;
113, 196;
115, 195;
117, 194;
120, 193;
124, 191;
126, 189;
128, 188;
130, 187;
132, 185;
134, 184;
136, 182;
137, 181;
139, 179;
141, 178;
142, 176;
144, 174;
145, 173;
147, 171;
148, 169;
150, 168;
151, 166;
285, 166;
287, 166;
288, 166;
289, 166;
290, 166;
282, 165;
283, 165;
290, 165;
291, 165;
152, 164;
281, 164;
282, 164;
291, 164;
279, 163;
280, 163;
292, 163;
153, 162;
278, 162;
279, 162;
292, 162;
155, 161;
277, 161;
292, 161;
293, 161;
276, 160;
293, 160;
156, 159;
275, 159;
293, 159;
274, 158;
293, 158;
157, 157;
273, 157;
293, 157;
294, 157;
271, 156;
272, 156;
294, 156;
158, 155;
271, 155;
159, 154;
270, 154;
294, 154;
269, 153;
294, 153;
324, 153;
160, 152;
268, 152;
294, 152;
322, 152;
323, 152;
266, 151;
267, 151;
294, 151;
322, 151;
161, 150;
266, 150;
294, 150;
321, 150;
265, 149;
294, 149;
321, 149;
162, 148;
264, 148;
294, 148;
320, 148;
163, 147;
263, 147;
294, 147;
319, 147;
262, 146;
294, 146;
318, 146;
319, 146;
164, 145;
261, 145;
294, 145;
318, 145;
260, 144;
294, 144;
317, 144;
165, 143;
259, 143;
294, 143;
316, 143;
317, 143;
258, 142;
294, 142;
316, 142;
166, 141;
294, 141;
315, 141;
167, 140;
257, 140;
294, 140;
314, 140;
315, 140;
256, 139;
295, 139;
314, 139;
168, 138;
255, 138;
295, 138;
313, 138;
254, 137;
295, 137;
312, 137;
169, 136;
253, 136;
295, 136;
312, 136;
170, 135;
252, 135;
295, 135;
311, 135;
251, 134;
295, 134;
310, 134;
171, 133;
250, 133;
295, 133;
309, 133;
172, 132;
249, 132;
295, 132;
309, 132;
295, 131;
308, 131;
173, 130;
248, 130;
295, 130;
307, 130;
247, 129;
295, 129;
306, 129;
307, 129;
174, 128;
246, 128;
295, 128;
305, 128;
306, 128;
174, 127;
245, 127;
295, 127;
296, 127;
304, 127;
305, 127;
244, 126;
296, 126;
303, 126;
304, 126;
175, 125;
243, 125;
296, 125;
302, 125;
303, 125;
176, 124;
242, 124;
296, 124;
297, 124;
301, 124;
302, 124;
177, 123;
240, 123;
297, 123;
298, 123;
299, 123;
300, 123;
301, 123;
239, 122;
178, 121;
238, 121;
179, 120;
237, 119;
179, 118;
236, 118;
180, 117;
235, 117;
181, 116;
234, 116;
182, 115;
233, 115;
183, 114;
232, 114;
231, 113;
183, 112;
229, 112;
230, 112;
184, 111;
227, 111;
185, 110;
226, 110;
186, 109;
225, 109;
187, 108;
224, 108;
188, 107;
222, 107;
223, 107;
189, 106;
221, 106;
190, 105;
219, 105;
220, 105;
191, 104;
192, 104;
218, 104;
193, 103;
216, 103;
217, 103;
194, 102;
195, 102;
214, 102;
215, 102;
196, 101;
197, 101;
211, 101;
212, 101;
213, 101;
198, 100;
199, 100;
200, 100;
201, 100;
206, 100;
207, 100;
208, 100;
209, 100;
210, 100;
202, 99;
203, 99;
204, 99;
205, 99;
];

C2= [
134, 216;
136, 216;
139, 216;
141, 216;
144, 216;
146, 216;
148, 216;
151, 216;
125, 215;
128, 215;
131, 215;
153, 215;
155, 215;
157, 215;
116, 214;
120, 214;
122, 214;
159, 214;
161, 214;
113, 213;
163, 213;
107, 212;
110, 212;
165, 212;
166, 212;
103, 211;
168, 211;
170, 210;
171, 210;
173, 209;
175, 208;
176, 207;
177, 206;
179, 205;
180, 204;
182, 203;
183, 202;
184, 201;
185, 199;
187, 198;
188, 197;
189, 196;
190, 195;
191, 193;
192, 192;
193, 191;
194, 190;
195, 188;
196, 187;
197, 186;
198, 185;
199, 183;
200, 182;
201, 181;
271, 181;
272, 181;
273, 181;
274, 181;
275, 181;
276, 181;
277, 181;
202, 180;
269, 180;
270, 180;
271, 180;
277, 180;
278, 180;
279, 180;
202, 179;
266, 179;
267, 179;
268, 179;
279, 179;
280, 179;
203, 178;
264, 178;
265, 178;
266, 178;
280, 178;
281, 178;
262, 177;
263, 177;
281, 177;
204, 176;
261, 176;
262, 176;
282, 176;
205, 175;
259, 175;
260, 175;
282, 175;
206, 174;
257, 174;
258, 174;
207, 173;
256, 173;
208, 172;
254, 172;
255, 172;
284, 172;
208, 171;
253, 171;
254, 171;
284, 171;
209, 170;
252, 170;
284, 170;
314, 170;
315, 170;
210, 169;
211, 169;
250, 169;
251, 169;
285, 169;
312, 169;
313, 169;
314, 169;
315, 169;
316, 169;
317, 169;
212, 168;
248, 168;
249, 168;
285, 168;
311, 168;
312, 168;
317, 168;
213, 167;
246, 167;
247, 167;
285, 167;
309, 167;
310, 167;
317, 167;
318, 167;
213, 166;
214, 166;
244, 166;
245, 166;
286, 166;
308, 166;
309, 166;
318, 166;
215, 165;
242, 165;
243, 165;
286, 165;
307, 165;
308, 165;
318, 165;
216, 164;
217, 164;
240, 164;
241, 164;
286, 164;
306, 164;
307, 164;
318, 164;
218, 163;
219, 163;
238, 163;
239, 163;
287, 163;
305, 163;
318, 163;
319, 163;
219, 162;
220, 162;
221, 162;
235, 162;
236, 162;
237, 162;
287, 162;
304, 162;
305, 162;
319, 162;
222, 161;
223, 161;
224, 161;
225, 161;
226, 161;
227, 161;
228, 161;
229, 161;
230, 161;
231, 161;
232, 161;
233, 161;
234, 161;
287, 161;
303, 161;
319, 161;
288, 160;
301, 160;
302, 160;
319, 160;
288, 159;
300, 159;
301, 159;
319, 159;
329, 159;
289, 158;
299, 158;
300, 158;
319, 158;
328, 158;
289, 157;
290, 157;
298, 157;
319, 157;
327, 157;
328, 157;
290, 156;
291, 156;
295, 156;
296, 156;
297, 156;
319, 156;
320, 156;
326, 156;
327, 156;
292, 155;
293, 155;
294, 155;
295, 155;
320, 155;
325, 155;
326, 155;
320, 154;
324, 154;
325, 154;
321, 153;
322, 153;
323, 153;
];

