Corners= [
162, 483;
464, 148;
22, 36;
197, 6;
];

C0= [
87, 186;
84, 181;
89, 177;
72, 175;
84, 173;
95, 168;
74, 164;
85, 164;
65, 160;
68, 154;
93, 152;
60, 148;
80, 147;
75, 145;
68, 143;
91, 143;
62, 142;
90, 142;
175, 139;
189, 137;
174, 136;
185, 136;
76, 134;
92, 133;
78, 131;
81, 130;
80, 129;
159, 129;
172, 129;
75, 127;
161, 127;
59, 126;
168, 126;
178, 126;
162, 125;
172, 125;
50, 123;
88, 122;
89, 120;
151, 116;
90, 115;
145, 115;
160, 115;
80, 113;
169, 113;
174, 112;
145, 111;
178, 111;
162, 110;
134, 108;
141, 108;
147, 108;
250, 107;
155, 106;
75, 105;
78, 105;
164, 105;
82, 104;
134, 104;
241, 104;
172, 103;
243, 103;
87, 102;
168, 102;
236, 102;
130, 101;
153, 101;
162, 101;
241, 101;
229, 100;
121, 98;
235, 98;
123, 97;
140, 97;
130, 96;
161, 96;
81, 95;
117, 95;
246, 95;
166, 94;
78, 93;
169, 93;
120, 92;
163, 92;
166, 92;
154, 90;
210, 90;
216, 90;
232, 90;
242, 90;
229, 89;
234, 88;
216, 86;
232, 86;
109, 85;
120, 85;
162, 85;
211, 85;
225, 85;
227, 85;
90, 84;
115, 84;
212, 84;
295, 84;
300, 84;
81, 83;
84, 83;
206, 83;
214, 83;
290, 83;
79, 82;
85, 82;
156, 82;
291, 82;
91, 81;
293, 81;
92, 80;
200, 80;
230, 80;
296, 80;
74, 79;
98, 79;
195, 79;
211, 79;
217, 79;
79, 78;
101, 78;
103, 78;
188, 77;
228, 77;
229, 77;
294, 77;
79, 76;
222, 76;
74, 75;
156, 75;
294, 75;
94, 74;
273, 74;
288, 74;
293, 74;
93, 73;
188, 73;
227, 73;
279, 73;
284, 73;
289, 73;
104, 72;
186, 72;
188, 72;
80, 71;
183, 71;
217, 71;
219, 71;
274, 71;
189, 70;
263, 70;
80, 69;
81, 69;
176, 69;
177, 69;
275, 69;
98, 68;
148, 68;
174, 68;
257, 68;
258, 68;
279, 68;
85, 67;
148, 67;
276, 67;
279, 67;
75, 66;
86, 66;
169, 66;
157, 65;
217, 65;
250, 65;
268, 65;
80, 64;
91, 64;
92, 64;
213, 64;
82, 63;
216, 63;
246, 63;
251, 63;
258, 63;
142, 62;
156, 62;
216, 62;
255, 62;
146, 61;
149, 61;
163, 61;
171, 61;
217, 61;
275, 61;
237, 60;
254, 60;
270, 60;
272, 60;
149, 59;
155, 59;
162, 59;
205, 59;
82, 58;
271, 58;
246, 57;
267, 57;
140, 56;
155, 56;
243, 56;
228, 55;
162, 54;
264, 54;
267, 54;
138, 53;
147, 53;
152, 53;
201, 53;
205, 53;
206, 52;
138, 51;
142, 51;
231, 51;
260, 51;
139, 50;
150, 50;
155, 50;
262, 50;
263, 50;
144, 49;
205, 49;
145, 48;
224, 48;
261, 48;
139, 47;
194, 47;
195, 47;
206, 47;
198, 46;
204, 46;
213, 46;
218, 46;
250, 46;
218, 45;
251, 45;
195, 44;
199, 44;
207, 44;
250, 44;
207, 43;
194, 42;
199, 42;
208, 42;
211, 42;
255, 42;
198, 40;
208, 40;
249, 40;
201, 39;
203, 39;
244, 39;
190, 37;
245, 37;
250, 37;
186, 36;
193, 36;
194, 36;
195, 36;
237, 36;
189, 35;
191, 35;
246, 34;
236, 32;
238, 32;
232, 31;
235, 28;
232, 27;
228, 26;
230, 26;
232, 26;
];

C1= [
160, 418;
161, 380;
158, 367;
167, 367;
133, 349;
122, 347;
144, 342;
133, 334;
143, 315;
193, 314;
128, 313;
140, 313;
157, 313;
146, 309;
144, 294;
161, 292;
202, 292;
108, 289;
166, 287;
150, 281;
167, 279;
168, 278;
134, 276;
177, 273;
179, 273;
116, 272;
104, 271;
136, 268;
142, 268;
98, 267;
197, 267;
166, 266;
139, 265;
177, 258;
185, 258;
153, 255;
201, 254;
147, 253;
176, 253;
144, 250;
184, 250;
136, 246;
193, 243;
212, 240;
135, 239;
199, 238;
148, 234;
154, 234;
179, 233;
196, 230;
177, 228;
191, 228;
155, 224;
203, 220;
174, 219;
207, 217;
148, 208;
167, 204;
155, 202;
188, 199;
185, 198;
210, 198;
169, 197;
167, 196;
198, 196;
198, 192;
199, 188;
188, 185;
167, 183;
169, 183;
196, 181;
222, 180;
184, 175;
207, 174;
210, 169;
161, 167;
203, 167;
226, 167;
159, 166;
168, 166;
224, 166;
172, 165;
197, 165;
191, 164;
167, 163;
218, 163;
213, 162;
193, 161;
204, 160;
184, 159;
197, 159;
199, 159;
223, 159;
174, 158;
188, 158;
226, 157;
229, 155;
180, 152;
226, 152;
204, 151;
230, 151;
170, 150;
176, 150;
198, 150;
210, 148;
227, 147;
217, 145;
197, 141;
235, 141;
191, 139;
223, 135;
206, 134;
185, 133;
178, 132;
215, 132;
229, 132;
233, 127;
219, 126;
226, 126;
236, 126;
211, 125;
185, 124;
206, 121;
189, 119;
221, 119;
187, 118;
208, 118;
234, 118;
184, 117;
200, 117;
212, 117;
192, 114;
193, 114;
233, 114;
244, 112;
200, 111;
201, 110;
214, 110;
220, 108;
228, 108;
250, 108;
251, 107;
203, 105;
204, 105;
217, 105;
242, 105;
243, 105;
220, 104;
213, 103;
255, 103;
248, 102;
206, 100;
231, 100;
200, 99;
207, 99;
242, 99;
248, 99;
263, 98;
221, 97;
229, 96;
235, 95;
247, 94;
268, 94;
214, 93;
227, 93;
269, 93;
196, 92;
203, 91;
272, 91;
204, 90;
206, 89;
211, 89;
226, 89;
273, 89;
350, 89;
230, 88;
254, 88;
291, 88;
316, 88;
327, 88;
336, 88;
344, 88;
213, 87;
265, 87;
275, 87;
313, 87;
322, 87;
329, 87;
336, 87;
214, 86;
220, 86;
240, 86;
276, 86;
294, 86;
309, 86;
214, 85;
314, 85;
334, 85;
202, 84;
203, 84;
207, 84;
256, 84;
267, 84;
278, 84;
288, 84;
309, 84;
319, 84;
324, 84;
311, 83;
338, 83;
340, 83;
249, 82;
251, 82;
279, 82;
298, 82;
327, 82;
204, 81;
232, 81;
312, 81;
228, 80;
238, 80;
243, 79;
295, 79;
296, 79;
329, 79;
223, 78;
254, 78;
278, 78;
296, 78;
307, 78;
230, 77;
252, 77;
256, 77;
313, 77;
235, 76;
247, 76;
263, 76;
266, 76;
239, 75;
259, 75;
295, 75;
298, 75;
224, 74;
256, 74;
266, 74;
274, 74;
298, 74;
304, 74;
224, 73;
260, 73;
315, 73;
216, 72;
229, 72;
262, 72;
278, 72;
225, 71;
244, 71;
264, 71;
312, 71;
222, 70;
253, 70;
242, 69;
270, 69;
299, 69;
300, 69;
306, 69;
227, 68;
276, 68;
310, 67;
267, 66;
267, 65;
239, 64;
241, 64;
248, 64;
267, 64;
295, 64;
257, 63;
259, 63;
287, 63;
256, 62;
];

C2= [
94, 189;
85, 185;
87, 176;
95, 175;
96, 175;
97, 174;
98, 172;
76, 167;
98, 161;
79, 158;
82, 154;
84, 152;
89, 145;
64, 143;
58, 142;
68, 142;
89, 139;
200, 139;
183, 135;
195, 135;
57, 134;
75, 134;
197, 134;
83, 133;
67, 131;
89, 130;
60, 127;
92, 127;
177, 125;
56, 123;
50, 122;
54, 122;
83, 122;
182, 122;
162, 121;
165, 120;
92, 119;
82, 117;
166, 116;
179, 115;
187, 115;
84, 113;
94, 113;
182, 113;
170, 112;
189, 112;
150, 111;
164, 111;
189, 110;
158, 109;
153, 108;
167, 108;
80, 106;
84, 106;
163, 106;
172, 105;
183, 105;
163, 102;
259, 102;
252, 101;
147, 100;
267, 100;
83, 99;
262, 99;
148, 98;
90, 97;
166, 97;
256, 97;
86, 96;
141, 96;
256, 96;
263, 96;
83, 95;
136, 95;
81, 93;
165, 93;
167, 93;
90, 92;
235, 92;
243, 92;
255, 92;
173, 90;
84, 89;
164, 89;
165, 89;
244, 89;
256, 89;
89, 88;
124, 88;
134, 88;
169, 88;
174, 87;
89, 86;
253, 86;
233, 85;
245, 85;
84, 84;
124, 84;
125, 84;
233, 84;
80, 81;
87, 81;
124, 81;
239, 81;
243, 81;
250, 81;
120, 80;
310, 80;
124, 79;
230, 79;
309, 79;
313, 79;
321, 79;
109, 78;
114, 78;
212, 78;
232, 78;
245, 78;
312, 78;
85, 77;
166, 77;
225, 77;
110, 76;
113, 76;
301, 76;
307, 76;
313, 76;
104, 75;
316, 75;
91, 73;
160, 73;
216, 73;
233, 73;
240, 73;
294, 73;
303, 73;
161, 72;
166, 72;
208, 72;
85, 71;
102, 71;
107, 71;
155, 71;
207, 71;
88, 70;
165, 70;
203, 70;
205, 70;
240, 70;
301, 70;
111, 69;
198, 69;
285, 69;
97, 68;
103, 68;
154, 68;
87, 67;
302, 67;
226, 66;
232, 66;
233, 66;
288, 66;
156, 65;
194, 65;
227, 65;
276, 65;
186, 64;
224, 64;
272, 64;
78, 63;
80, 63;
193, 63;
228, 63;
279, 63;
97, 62;
104, 62;
276, 62;
286, 62;
300, 62;
157, 61;
193, 61;
228, 61;
285, 61;
296, 61;
90, 59;
151, 59;
184, 59;
228, 59;
276, 59;
155, 58;
281, 58;
292, 58;
88, 57;
179, 57;
181, 57;
283, 57;
284, 57;
147, 56;
159, 56;
174, 56;
225, 56;
279, 56;
151, 55;
177, 55;
180, 55;
260, 55;
264, 55;
76, 54;
81, 54;
161, 54;
168, 54;
169, 54;
172, 54;
256, 54;
84, 53;
146, 53;
251, 53;
256, 53;
280, 53;
248, 52;
255, 52;
155, 51;
162, 51;
214, 51;
276, 51;
79, 50;
149, 50;
169, 50;
248, 50;
274, 50;
151, 48;
241, 48;
242, 48;
147, 47;
157, 47;
207, 47;
237, 47;
272, 47;
143, 46;
233, 46;
239, 46;
157, 45;
161, 45;
267, 45;
228, 44;
149, 43;
213, 43;
224, 43;
140, 42;
149, 42;
203, 42;
210, 42;
152, 41;
154, 41;
210, 41;
202, 40;
210, 40;
223, 40;
143, 39;
147, 39;
219, 39;
215, 37;
197, 36;
206, 36;
217, 36;
205, 35;
218, 35;
195, 34;
194, 33;
207, 33;
196, 32;
212, 32;
197, 31;
201, 31;
199, 30;
198, 29;
199, 28;
192, 26;
];

